0.jpg 0 193 237 317 237 254 327 217 373 291 373
100.jpg 1 194 237 316 237 251 312 211 367 301 372
101.jpg 2 193 236 316 238 250 317 210 372 301 372
102.jpg 3 194 235 317 239 253 316 207 366 298 371
103.jpg 4 195 235 317 235 253 310 208 365 298 370
104.jpg 5 194 237 317 239 252 314 207 369 302 369
105.jpg 6 193 236 317 236 253 313 209 368 298 373
106.jpg 7 194 238 317 237 252 311 207 367 303 372
107.jpg 8 194 237 316 237 253 313 208 368 299 373
108.jpg 9 194 235 316 235 249 311 209 366 304 371
109.jpg 10 194 237 316 237 251 317 206 366 301 371
10.jpg 11 193 237 316 240 253 335 215 377 291 377
110.jpg 12 196 238 317 238 249 318 209 363 303 368
111.jpg 13 195 238 315 238 248 318 208 363 303 363
112.jpg 14 194 240 315 240 248 320 208 366 304 366
113.jpg 15 193 237 315 237 246 316 207 361 300 361
114.jpg 16 194 241 314 238 250 320 206 359 299 359
115.jpg 17 193 241 313 237 250 319 206 358 299 363
116.jpg 18 193 240 315 240 249 321 206 359 301 364
117.jpg 19 193 241 315 239 249 322 206 360 301 360
118.jpg 20 194 242 313 239 252 322 209 360 299 360
119.jpg 21 193 239 314 239 253 324 210 361 300 361
11.jpg 22 193 237 316 240 253 334 215 372 291 377
120.jpg 23 195 242 313 242 253 321 211 362 299 362
121.jpg 24 194 240 315 240 255 324 209 362 297 362
122.jpg 25 193 241 316 240 254 327 211 365 297 365
123.jpg 26 194 240 317 240 254 323 210 367 298 367
124.jpg 27 196 238 316 239 260 321 212 365 298 369
125.jpg 28 196 239 316 240 258 323 209 367 301 367
126.jpg 29 197 237 317 242 259 321 210 365 303 370
127.jpg 30 195 238 317 238 263 322 208 362 303 367
128.jpg 31 195 239 317 239 263 321 205 364 301 364
129.jpg 32 196 238 316 241 260 324 207 363 304 368
12.jpg 33 191 239 315 239 250 337 216 374 292 374
130.jpg 34 197 237 317 241 263 325 209 364 302 364
131.jpg 35 195 238 316 240 263 325 205 364 302 364
132.jpg 36 196 238 316 242 259 324 206 363 302 363
133.jpg 37 196 240 315 242 262 323 204 362 301 367
134.jpg 38 196 240 316 240 258 323 204 362 301 367
135.jpg 39 196 237 315 241 258 323 206 361 302 361
136.jpg 40 194 238 316 238 260 321 206 360 304 360
137.jpg 41 193 238 315 238 256 322 206 356 305 361
138.jpg 42 195 238 316 238 255 321 207 355 304 360
139.jpg 43 194 238 317 239 254 324 210 363 304 363
13.jpg 44 192 240 315 240 250 337 217 370 292 374
140.jpg 45 195 237 316 239 254 323 208 364 304 364
141.jpg 46 192 240 316 240 254 323 208 364 300 364
142.jpg 47 193 237 317 237 253 323 208 363 299 363
143.jpg 48 192 238 317 238 249 324 208 360 295 365
144.jpg 49 193 238 315 238 253 327 212 362 298 362
145.jpg 50 192 237 317 237 251 323 211 363 292 363
146.jpg 51 194 239 317 239 252 329 213 364 292 364
147.jpg 52 195 237 316 237 250 326 215 366 295 366
148.jpg 53 193 239 315 239 251 328 217 368 291 368
149.jpg 54 193 238 315 238 250 327 215 366 289 366
14.jpg 55 192 239 314 239 253 336 215 374 291 374
150.jpg 56 196 239 315 239 252 330 219 364 291 368
151.jpg 57 195 239 315 239 252 326 218 364 291 364
152.jpg 58 195 238 316 239 253 326 219 369 291 369
153.jpg 59 195 239 316 239 258 326 219 370 287 370
154.jpg 60 195 238 317 239 257 323 217 373 292 378
155.jpg 61 196 237 317 238 259 323 219 373 294 378
156.jpg 62 195 239 315 240 256 324 217 373 296 378
157.jpg 63 197 238 317 240 258 323 219 372 298 377
158.jpg 64 198 237 316 240 263 322 220 371 297 375
159.jpg 65 196 236 317 241 262 325 218 369 296 374
15.jpg 66 192 238 316 238 249 338 216 371 293 371
160.jpg 67 195 237 316 238 262 327 218 371 292 376
161.jpg 68 196 236 317 237 259 326 225 370 289 370
162.jpg 69 195 236 316 241 259 324 225 367 288 372
163.jpg 70 195 237 315 238 257 326 223 375 291 380
164.jpg 71 194 235 316 239 256 320 221 375 291 380
165.jpg 72 194 237 316 239 256 319 216 374 291 379
166.jpg 73 193 236 317 239 256 320 216 370 292 375
167.jpg 74 194 237 317 237 253 319 212 370 294 375
168.jpg 75 195 237 316 238 254 319 213 370 290 375
169.jpg 76 196 239 316 239 251 318 209 365 293 371
16.jpg 77 192 236 316 238 249 334 216 372 293 372
170.jpg 78 193 236 315 236 251 318 210 365 292 370
171.jpg 79 193 239 317 236 247 320 210 367 295 373
172.jpg 80 192 237 316 235 246 318 209 371 293 371
173.jpg 81 194 239 317 239 248 321 207 367 294 372
174.jpg 82 195 239 314 238 243 321 207 366 299 372
175.jpg 83 196 238 314 236 248 321 208 366 298 366
176.jpg 84 192 237 314 237 247 324 207 363 301 363
177.jpg 85 194 239 314 239 247 326 208 360 300 365
178.jpg 86 193 238 315 240 248 333 208 363 302 363
179.jpg 87 193 235 316 240 246 331 211 366 301 366
17.jpg 88 193 238 315 238 251 337 212 370 294 375
180.jpg 89 192 236 315 239 252 329 211 365 297 370
181.jpg 90 192 236 315 238 248 333 213 368 299 368
182.jpg 91 191 237 315 237 251 332 210 368 297 368
183.jpg 92 193 235 315 238 250 329 214 364 295 369
184.jpg 93 192 237 315 237 250 331 215 366 291 371
185.jpg 94 191 237 315 239 251 331 216 366 290 371
186.jpg 95 192 236 316 240 251 334 217 368 289 368
187.jpg 96 192 237 316 239 254 332 221 370 288 370
188.jpg 97 192 236 316 240 255 333 221 372 288 372
189.jpg 98 193 235 317 237 252 334 223 368 285 373
18.jpg 99 193 239 315 239 251 337 213 370 294 375
190.jpg 100 193 235 315 239 252 333 224 371 286 371
191.jpg 101 191 237 315 239 253 333 224 372 287 372
192.jpg 102 192 235 317 238 251 334 222 372 284 372
193.jpg 103 191 235 316 235 255 334 221 372 283 372
194.jpg 104 191 239 315 239 253 336 220 369 286 374
195.jpg 105 192 239 315 239 253 337 220 370 286 375
196.jpg 106 192 237 316 237 254 334 221 372 287 377
197.jpg 107 191 236 316 236 254 338 221 371 287 375
198.jpg 108 192 235 315 235 251 336 222 379 285 379
199.jpg 109 192 236 314 236 255 336 225 375 284 380
19.jpg 110 192 238 315 238 251 337 213 371 289 376
1.jpg 111 193 237 317 237 254 326 217 372 286 372
200.jpg 112 192 236 314 236 251 332 221 376 285 381
201.jpg 113 192 235 315 236 252 335 223 379 286 379
202.jpg 114 192 236 314 236 251 336 222 380 286 380
203.jpg 115 193 236 314 236 251 336 222 374 285 379
204.jpg 116 192 235 314 235 252 335 223 374 286 379
205.jpg 117 192 235 314 236 252 334 223 377 285 377
206.jpg 118 192 238 315 238 251 333 222 376 285 376
207.jpg 119 193 238 315 238 252 333 223 376 281 376
208.jpg 120 193 237 315 237 253 335 219 374 286 374
209.jpg 121 193 237 314 237 251 336 223 374 285 374
20.jpg 122 194 238 317 238 250 331 212 370 293 374
210.jpg 123 193 236 315 236 252 334 219 372 285 376
211.jpg 124 193 236 315 239 253 336 220 369 286 374
212.jpg 125 193 235 316 238 253 332 220 369 285 374
213.jpg 126 194 239 316 240 253 333 220 370 285 370
214.jpg 127 193 239 314 239 252 334 220 371 285 371
215.jpg 128 193 236 315 237 249 333 216 371 287 375
216.jpg 129 192 236 315 237 248 332 220 374 285 374
217.jpg 130 193 239 316 239 250 333 221 371 288 376
218.jpg 131 193 238 316 238 249 331 221 374 287 374
219.jpg 132 194 237 314 237 247 329 218 371 285 376
21.jpg 133 192 238 314 238 248 332 214 370 291 375
220.jpg 134 192 239 314 239 248 326 220 369 286 374
221.jpg 135 193 240 315 237 247 328 219 371 290 371
222.jpg 136 192 239 315 238 248 327 215 370 291 370
223.jpg 137 192 239 314 238 248 327 215 369 291 369
224.jpg 138 193 239 314 238 247 326 214 369 294 369
225.jpg 139 193 239 315 237 248 324 214 367 291 367
226.jpg 140 194 239 314 238 248 322 215 369 296 365
227.jpg 141 192 240 315 239 248 323 210 366 291 366
228.jpg 142 192 239 314 237 248 320 210 363 295 363
229.jpg 143 193 240 315 237 248 323 206 360 295 365
22.jpg 144 193 239 316 238 247 333 214 371 290 371
230.jpg 145 193 240 316 237 248 323 210 366 295 366
231.jpg 146 193 239 315 239 247 322 210 364 295 364
232.jpg 147 193 239 316 237 249 324 211 362 297 367
233.jpg 148 193 239 316 239 249 323 211 361 297 366
234.jpg 149 193 241 314 239 248 321 209 364 296 364
235.jpg 150 193 241 314 239 247 322 209 365 295 365
236.jpg 151 193 241 314 241 247 322 209 365 295 365
237.jpg 152 193 240 317 239 251 322 209 364 298 364
238.jpg 153 193 239 315 239 254 321 211 359 297 359
239.jpg 154 195 240 315 239 254 321 207 359 301 359
23.jpg 155 193 239 315 238 247 332 213 370 290 375
240.jpg 156 194 238 316 238 253 324 210 362 301 362
241.jpg 157 192 240 315 238 254 323 207 361 301 361
242.jpg 158 193 239 316 238 250 321 207 359 298 364
243.jpg 159 193 238 316 238 249 321 211 359 302 359
244.jpg 160 192 238 315 238 251 321 207 360 299 360
245.jpg 161 193 240 317 239 254 324 209 363 303 363
246.jpg 162 194 240 315 239 251 322 207 360 299 360
247.jpg 163 195 241 316 238 251 318 207 357 300 362
248.jpg 164 194 239 316 239 252 322 208 361 301 361
249.jpg 165 193 239 317 238 252 321 206 366 302 366
24.jpg 166 193 238 317 238 246 332 212 370 289 375
250.jpg 167 195 240 317 240 252 320 207 365 302 365
251.jpg 168 193 240 316 236 249 319 210 364 298 369
252.jpg 169 193 238 317 238 252 318 207 362 297 367
253.jpg 170 193 239 316 239 248 317 208 362 297 366
254.jpg 171 193 242 316 237 248 321 208 365 297 365
255.jpg 172 193 242 316 237 249 319 206 362 297 362
256.jpg 173 192 240 317 239 250 323 206 361 298 361
257.jpg 174 194 240 318 238 250 321 211 364 299 364
258.jpg 175 194 240 315 240 248 323 209 361 296 366
259.jpg 176 194 240 315 237 248 320 209 364 301 364
25.jpg 177 191 237 315 236 245 331 211 369 293 369
260.jpg 178 194 241 315 236 247 319 208 363 296 368
261.jpg 179 195 241 315 236 247 319 208 362 301 362
262.jpg 180 194 240 317 240 246 316 208 359 298 364
263.jpg 181 195 241 316 238 246 318 208 361 303 361
264.jpg 182 195 240 317 239 251 320 208 358 303 363
265.jpg 183 194 242 317 241 250 319 206 358 303 363
266.jpg 184 196 241 316 238 248 316 204 360 301 365
267.jpg 185 194 238 314 238 250 318 210 363 304 368
268.jpg 186 194 241 315 238 252 321 207 361 301 366
269.jpg 187 193 240 315 239 255 320 205 365 304 365
26.jpg 188 192 238 315 237 246 331 208 370 290 370
270.jpg 189 192 239 315 239 252 318 207 362 306 367
271.jpg 190 195 238 315 238 256 316 207 360 305 365
272.jpg 191 194 239 315 239 252 317 208 361 305 366
273.jpg 192 194 239 315 240 256 318 208 362 305 367
274.jpg 193 195 239 315 239 257 322 209 361 306 366
275.jpg 194 193 240 315 240 257 318 208 361 305 366
276.jpg 195 194 238 315 238 256 321 206 361 305 366
277.jpg 196 192 240 315 240 255 318 207 362 304 367
278.jpg 197 192 238 315 238 255 322 206 362 305 367
279.jpg 198 193 236 316 236 251 317 206 362 301 362
27.jpg 199 191 238 317 237 245 330 212 369 293 369
280.jpg 200 195 239 315 240 254 316 208 361 304 366
281.jpg 201 195 237 316 237 249 315 203 362 301 367
282.jpg 202 195 236 316 238 249 314 207 360 301 365
283.jpg 203 194 235 315 236 245 313 203 366 302 366
284.jpg 204 193 237 315 236 247 319 206 365 303 365
285.jpg 205 193 236 315 236 247 318 205 365 304 370
286.jpg 206 195 238 316 238 248 319 202 365 304 370
287.jpg 207 195 237 318 237 247 318 206 364 303 369
288.jpg 208 195 238 317 238 249 315 208 367 305 367
289.jpg 209 196 240 316 240 250 316 209 366 305 366
28.jpg 210 192 239 316 239 245 328 212 366 293 371
290.jpg 211 195 240 317 237 257 315 208 365 301 365
291.jpg 212 195 239 316 239 257 313 208 362 307 367
292.jpg 213 196 239 316 239 260 312 207 360 304 365
293.jpg 214 196 239 316 240 261 318 208 361 305 366
294.jpg 215 196 240 315 240 263 317 210 360 306 365
295.jpg 216 197 238 315 239 262 315 205 363 305 363
296.jpg 217 196 239 316 239 261 320 205 362 308 366
297.jpg 218 195 239 315 240 259 316 207 363 307 363
298.jpg 219 196 240 317 240 261 321 204 363 304 363
299.jpg 220 193 239 315 238 260 319 203 361 302 361
29.jpg 221 192 239 316 237 245 329 207 367 292 367
2.jpg 222 193 237 316 237 249 326 217 373 286 373
30.jpg 223 193 241 317 238 246 329 209 367 293 367
31.jpg 224 192 241 316 238 245 328 208 365 297 365
32.jpg 225 193 240 316 238 245 327 208 365 292 365
33.jpg 226 193 241 316 237 246 328 209 365 293 365
34.jpg 227 192 239 315 237 247 328 209 366 294 366
35.jpg 228 193 239 315 238 243 329 211 367 295 367
36.jpg 229 193 240 314 239 243 327 210 365 295 365
37.jpg 230 193 238 314 238 248 329 210 362 295 362
38.jpg 231 192 238 315 238 243 329 210 363 296 363
39.jpg 232 193 238 315 237 243 330 210 363 295 363
3.jpg 233 194 237 316 237 251 326 219 372 288 372
40.jpg 234 192 239 316 240 244 329 215 362 296 362
41.jpg 235 194 239 315 239 247 330 214 363 295 368
42.jpg 236 193 239 316 239 244 332 215 365 296 370
43.jpg 237 194 238 316 240 248 330 214 368 291 373
44.jpg 238 195 239 316 240 247 329 218 368 290 373
45.jpg 239 194 238 316 238 248 328 214 367 291 376
46.jpg 240 195 237 317 237 247 328 218 371 291 376
47.jpg 241 195 237 318 239 245 327 216 371 289 376
48.jpg 242 194 237 314 237 244 321 215 370 289 375
49.jpg 243 195 234 314 234 249 322 215 370 288 370
4.jpg 244 194 237 316 237 254 327 217 374 291 374
50.jpg 245 194 236 316 235 250 320 215 370 289 375
51.jpg 246 195 236 317 234 253 318 214 367 292 372
52.jpg 247 193 236 316 236 253 312 215 364 292 369
53.jpg 248 194 235 317 235 251 314 214 366 289 371
54.jpg 249 195 235 317 237 256 315 219 362 294 367
55.jpg 250 195 234 315 236 252 313 215 359 294 364
56.jpg 251 195 237 317 237 253 312 215 363 295 368
57.jpg 252 195 235 316 236 254 314 217 361 291 365
58.jpg 253 195 237 315 237 252 317 215 363 294 368
59.jpg 254 193 238 315 238 255 318 213 364 297 364
5.jpg 255 194 238 317 238 254 329 217 377 292 377
60.jpg 256 193 237 316 237 253 321 211 363 295 368
61.jpg 257 192 238 316 239 253 325 212 366 295 371
62.jpg 258 191 237 315 238 250 322 209 368 292 368
63.jpg 259 193 239 317 239 251 321 213 363 293 368
64.jpg 260 193 239 318 238 252 320 209 362 294 367
65.jpg 261 195 238 317 238 250 322 208 364 298 364
66.jpg 262 194 237 317 237 250 319 206 362 298 362
67.jpg 263 196 240 319 240 246 324 206 364 300 364
68.jpg 264 194 239 319 237 245 321 205 360 300 365
69.jpg 265 194 239 316 239 243 321 204 360 297 365
6.jpg 266 193 239 317 239 250 331 217 373 288 378
70.jpg 267 193 239 315 237 244 322 204 362 299 367
71.jpg 268 193 236 318 236 241 324 211 375 298 370
72.jpg 269 194 238 319 239 238 320 206 373 303 373
73.jpg 270 192 236 318 236 243 322 206 371 302 376
74.jpg 271 194 238 317 238 243 323 206 371 302 377
75.jpg 272 193 237 318 237 243 323 206 371 302 371
76.jpg 273 194 238 316 238 242 326 211 372 294 372
77.jpg 274 193 240 317 238 241 325 210 371 292 371
78.jpg 275 195 240 317 237 246 327 210 373 292 373
79.jpg 276 194 240 318 237 242 322 212 368 288 368
7.jpg 277 193 238 316 238 250 330 217 372 287 377
80.jpg 278 193 239 317 236 246 323 215 370 287 370
81.jpg 279 193 237 317 234 245 319 215 371 292 366
82.jpg 280 194 237 317 237 243 323 213 369 289 364
83.jpg 281 195 238 317 237 247 319 211 369 287 364
84.jpg 282 195 240 319 236 249 321 214 366 289 366
85.jpg 283 193 239 318 236 248 320 213 365 289 365
86.jpg 284 194 240 316 237 252 319 212 363 291 363
87.jpg 285 195 239 319 238 251 322 216 367 290 367
88.jpg 286 194 239 317 239 253 319 218 364 293 364
89.jpg 287 195 237 317 237 253 317 218 367 293 367
8.jpg 288 193 237 317 237 251 329 218 376 289 376
90.jpg 289 194 238 317 238 255 317 216 362 295 366
91.jpg 290 194 237 317 238 255 318 211 362 294 367
92.jpg 291 194 237 317 237 255 314 212 362 298 362
93.jpg 292 194 237 317 237 255 314 212 362 298 362
94.jpg 293 194 238 315 239 253 317 210 360 301 360
95.jpg 294 194 238 318 238 252 315 209 363 300 363
96.jpg 295 194 239 316 239 254 318 209 368 298 368
97.jpg 296 193 239 316 240 250 316 210 371 301 371
98.jpg 297 194 237 317 237 251 313 211 368 302 373
99.jpg 298 194 236 316 236 251 311 211 366 301 371
9.jpg 299 193 238 317 238 251 334 218 377 293 377
